-140,129
251,-152
-1,-173
-351,81
113,149
24,91
377,-134
124,-129
-173,-19
-318,-170
-84,121
241,-95
57,117
101,53
325,93
223,-91
-187,74
-144,-78
27,-164
-190,-128
115,14
-239,171
237,40
152,-61
-258,-80
213,-164
-183,130
313,-110
-184,138
183,-69
367,-151
-235,-164
-237,84
236,69
161,-29
-5,54
-257,124
-185,-13
104,-111
-180,49
-155,17
91,90
-140,-73
-51,175
-102,-32
344,-85
44,-152
-241,-112
-366,7
29,15
-149,-164
-331,174
-239,-144
-207,77
146,-7
-314,-117
3,-3
-346,-157
-363,-105
-142,67
-225,95
303,-48
263,34
152,37
-86,82
-356,-55
158,173
111,59
350,-156
-264,-172
270,-46
-9,5
304,97
88,161
-96,-82
228,140
5,31
-196,8
98,-144
117,32
-262,21
177,-91
-173,148
120,-83
144,157
177,114
383,100
191,-13
118,19
228,114
-270,-163
6,-125
140,-90
-44,90
-281,85
202,-11
139,151
-342,-134
-181,-81
-257,-144
-118,111
392,14
259,-70
305,-61
-315,127
96,-137
-277,-71
254,171
-21,-47
-392,-38
-266,-73
65,-107
113,-23
-76,-12
153,44
80,-145
235,-107
-291,-54
-217,-173
-314,-80
354,74
264,9
323,-30
60,-157
-5,129
-363,149
-184,-158
-126,-98
339,138
90,-168
62,-129
-320,30
244,-159
296,-1
-292,-86
152,163
69,-12
92,172
-362,45
-153,165
126,104
-334,-78
387,-79
176,-54
91,127
38,111
-44,-58
-256,-136
-187,33
91,145
268,-180
333,-68
-296,143
17,-68
260,-157
236,-173
38,163
-132,-126
-298,91
81,45
-383,51
-372,145
-95,32
-318,-141
377,73
84,-175
-115,-170
158,169
-107,-85
341,-26
271,-42
33,41
-325,27
164,-31
-368,-126
180,-80
11,66
185,-47
205,-58
218,-19
360,75
211,-62
-355,-163
-155,38
-237,128
-284,-104
-71,42
-351,-95
-334,-166
-374,11
-116,-9
356,-139
326,-85
-117,-14
-170,66
4,-73
-297,61
-234,126
270,14
208,-69
-244,178
-123,-118
204,116
373,50
87,-3
-149,-100
171,-14
-242,-27
132,-138
133,8
-85,-81
54,165
-315,-151
337,-86
132,-7
-316,61
268,28
-262,-139
-330,-3
50,-84
-227,1
288,-4
387,-14
250,92
208,-77
-140,-176
234,-74
261,59
287,-102
213,72
-156,117
-67,52
-263,3
-95,148
153,55
224,66
-191,165
-177,-32
-289,85
-228,52
-40,84
348,134
203,149
-287,70
8,-141
62,-136
-224,-32
-84,174
-29,113
-326,24
80,-50
3,149
-85,-154
390,87
203,102
299,-137
99,67
309,122
-392,-118
253,27
-228,130
-45,20
296,18
-187,-170
355,-6
-180,58
-265,-52
136,57
115,119
-208,-134
-346,-89
213,-97
-207,73
-63,-83
-258,171
-304,134
173,-9
-45,41
-118,-20
391,-23
-34,63
-253,-86
-197,-137
131,98
174,55
-164,-112
-234,-51
-257,51
-177,-140
-399,-23
-177,-163
-169,128
-299,-42
-31,123
-141,92
-228,-35
-372,59
279,91
154,-97
102,-172
-162,78
108,-23
-60,151
-180,103
283,-79
80,-161
271,-117
2,-43
307,-167
-111,19
-362,129
350,90
-299,156
185,103
-16,-125
141,-16
284,133
247,165
-204,70
278,8
-211,129
-356,-71
121,18
-274,-80
-189,-13
-341,61
237,-59
23,30
17,68
-307,133
-264,6
-51,80
220,176
-275,68
-121,-104
-251,-152
-295,125
-183,79
143,75
-241,174
-185,-9
155,-128
-268,-49
-58,82
339,87
-393,-113
125,-103
48,-75
153,-95
-134,12
81,-133
-347,7
112,-78
366,-45
118,-95
-191,-15
296,56
-63,-119
-365,79
-182,102
366,43
-1,-14
241,125
-308,119
137,105
26,50
-136,158
365,-110
345,23
308,166
368,-24
-378,-83
-311,-78
-312,104
-87,38
119,19
-247,130
198,-154
-225,-50
-385,3
-345,-140
73,160
-338,-162
-345,62
-276,115
-369,-81
184,52
73,172
197,126
-318,-72
217,88
-62,75
-266,134
257,-48
379,5
-343,41
-345,131
71,82
-362,157
-201,-78
-351,84
-353,58
-190,101
-334,-81
-131,97
71,-56
29,-121
-364,-134
32,-17
-242,84
-294,-116
204,-44
-319,135
270,-58
179,-103
281,121
351,39
320,-120
-144,87
128,59
72,-20
-119,161
60,-22
-260,-168
361,78
148,79
-46,-36
-285,-73
-141,-34
69,138
-145,-78
-21,146
-198,120
167,-121
-110,-69
-260,103
293,132
41,173
-156,95
283,165
-26,137
-151,30
-176,49
-372,-15
-301,143
-252,139
-358,-78
-69,-119
312,30
32,-26
-158,32
278,107
324,-149
120,-179
226,95
18,-59
-208,167
-157,-12
328,123
-187,-32
-294,-67
-341,120
215,162
121,-20
-8,174
-214,-154
-122,-44
273,-65
-112,-75
228,166
300,26
-181,-56
-287,-126
364,102
237,-42
22,84
43,-27
375,130
291,19
176,17
58,74
-354,103
-239,66
229,49
-48,101
-165,-96
-322,-39
-262,-98
-105,-44
172,-71
-128,36
-98,168
-373,-143
-62,-102
148,-66
-53,26
121,45
-310,-58
231,-149
272,36
-48,119
260,-78
312,-102
-23,67
374,-31
76,178
317,78
-333,124
207,105
-186,96
-328,-138
162,-27
-341,-56
75,71
75,-41
27,160
311,99
-38,83
237,-41
-369,-96
41,-161
362,-142
-10,121
-97,137
-61,57
-295,-169
231,-80
-196,111
24,131
-266,-160
-269,-147
80,-138
352,134
-183,1
286,148
257,-53
260,-88
285,-170
153,-160
399,-48
210,125
-345,101
-75,-129
284,-39
1,146
83,-147
-280,47
-20,-123
-271,6
-262,-122
193,-62
110,170
-152,4
171,19
308,-167
304,24
-26,-119
175,71
-317,-50
133,56
296,-3
70,28
156,-50
306,145
268,-144
-176,-167
-6,-134
-357,-26
150,66
393,111
-301,-170
375,-114
-17,82
-211,-34
225,142
-345,53
91,-15
42,108
-273,40
85,175
-104,-159
-392,102
148,63
36,-10
170,121
261,81
183,-72
-153,-53
-109,-152
-215,96
311,-140
141,-178
365,-77
250,64
-317,108
391,-89
-251,-61
-227,-163
3,141
148,-175
95,109
-102,138
198,158
397,101
-314,-77
-291,49
23,-90
352,41
-14,-146
-15,81
-6,37
353,-36
328,58
41,-97
-208,41
360,27
103,-81
117,113
-43,175
246,135
298,-25
-55,-67
-243,109
214,-125
-45,132
-283,-150
81,2
94,-59
-300,27
-203,-176
181,-143
-317,144
368,-59
89,137
268,35
273,-94
242,150
19,98
-305,-86
310,-168
-124,-37
-214,-138
-144,178
-390,33
83,-117
211,-94
379,79
-33,-152
57,15
-47,-55
52,-83
244,51
-345,-129
-3,-63
-345,-114
-140,-179
148,-144
-320,50
122,55
-147,-167
281,12
64,-139
300,53
-12,-77
-45,82
-300,-101
239,-83
382,66
188,72
163,136
-242,-45
389,-114
-309,9
-383,113
136,50
98,78
-345,15
-181,-25
-212,99
-189,-4
-299,51
-240,130
138,169
322,121
97,-148
-172,-174
-62,-60
-292,87
85,-176
130,156
-138,125
-149,-107
-308,-69
-207,-77
39,-134
-233,107
91,-133
389,-39
228,131
35,-95
-57,83
135,-20
-259,-127
-84,51
-91,-9
-392,-108
116,-160
55,161
356,35
-292,23
142,51
-398,71
332,83
394,19
108,109
183,132
-278,50
144,155
43,-159
-362,4
144,-54
16,0
-253,132
122,-37
119,-118
178,-127
-67,32
296,-3
-85,70
137,156
-269,172
48,-15
142,-35
21,-34
-242,39
90,-78
106,-81
-238,-175
-317,-96
-92,14
-334,58
367,131
170,-117
169,26
-295,-162
62,56
130,162
-359,-76
-193,-126
-390,-15
-374,-87
-133,-48
-336,10
337,39
266,-23
253,113
-165,120
284,-55
-365,65
43,-120
263,-155
328,-35
-280,-99
170,-173
-64,-168
-155,102
137,4
46,-139
-354,115
252,-147
-316,5
-202,179
277,134
276,52
40,-108
4,155
-71,152
201,29
254,63
-71,-118
-345,-46
56,53
238,-38
346,25
-11,99
-250,93
256,128
-56,154
-66,-168
44,63
-218,-126
-113,-5
375,-39
-142,44
-165,5
-322,111
-55,-103
-246,74
-292,-36
359,24